upn	treat	time status
 1 1   1 1
 2 1   1 1
 3 1   2 1
 4 1   2 1
 5 1   3 1
 6 1   4 1
 7 1   4 1
 8 1   5 1
 9 1   5 1
10 1   8 1
11 1   8 1
12 1   8 1
13 1   8 1
14 1  11 1
15 1  11 1
16 1  12 1
17 1  12 1
18 1  15 1
19 1  17 1
20 1  22 1
21 1  23 1
22 2   6 1
23 2   6 1
24 2   6 1
25 2   6 0
26 2   7 1
27 2   9 0
28 2  10 1
29 2  10 0
30 2  11 0
31 2  13 1
32 2  16 1
33 2  17 0
34 2  19 0
35 2  20 0
36 2  22 1
37 2  23 1
38 2  25 0
39 2  32 0
40 2  32 0
41 2  34 0
42 2  35 0
